[gd_scene format=3 uid="uid://bbdqm5ffhf30g"]

[ext_resource type="Script" uid="uid://bwreor0aqspb4" path="res://world.gd" id="1_f3sb7"]
[ext_resource type="PackedScene" uid="uid://d34uvd7dyk6ad" path="res://player.tscn" id="2_fj7yv"]
[ext_resource type="PackedScene" uid="uid://xbn4ypmc1oll" path="res://chunk.tscn" id="3_tlwt5"]

[node name="World" type="Node3D" unique_id=666173279]
script = ExtResource("1_f3sb7")
world_vector = null
cutoff = null

[node name="DefaultCube" type="CSGBox3D" parent="." unique_id=720615074]
use_collision = true

[node name="Camera3D" type="Camera3D" parent="." unique_id=844444870]
transform = Transform3D(-0.8889372, -0.18139897, 0.4205771, 1.7911784e-08, 0.91823226, 0.39604238, -0.45802915, 0.35205683, -0.81625074, 22.794477, 19.819168, -33.10875)

[node name="DirectionalLight3D" type="DirectionalLight3D" parent="." unique_id=1211244638]
transform = Transform3D(0.9514441, 0.25747705, -0.16870014, 0, 0.5480451, 0.8364488, 0.30782163, -0.79583424, 0.52143425, 0, 2.4054737, 4.6098814)

[node name="Player" parent="." unique_id=165270570 instance=ExtResource("2_fj7yv")]
transform = Transform3D(-0.9760878, 0, 0.21737674, 0, 1, 0, -0.21737674, 0, -0.9760878, 22.607649, 66.196014, 8.888941)

[node name="Chunk" parent="." unique_id=1147404096 instance=ExtResource("3_tlwt5")]
